1
1
20
20
-1
20
20
7
20
20
11
11
11
11
-1
1
1
20
20
-1
20
20
7
20
20
11
11
11
11
-1
2
1
2
3
5
5
20
7
20
20
11
11
11
11
5
-1
1
20
20
-1
20
20
7
20
20
11
11
11
11
-1
0
20
20
20
-1
20
20
7
20
20
11
11
11
11
-1
20
20
20
20
-1
20
20
7
20
20
11
11
11
11
-1
20
20
20
20
-1
20
20
7
20
20
11
11
11
11
-1
1
1
20
4
-1
20
20
7
20
20
11
11
11
11
-1
3
20
3
20
-1
20
20
7
20
20
11
11
11
11
-1
6
20
20
20
-1
20
7
7
20
20
11
11
11
11
-1
8
20
20
20
-1
20
20
7
20
20
11
11
11
11
-1
9
20
20
20
-1
20
20
7
20
20
11
11
11
11
-1
20
20
20
20
-1
20
20
7
20
20
11
11
11
11
-1
20
20
20
20
-1
20
20
7
20
20
11
11
11
11
-1
10
20
20
20
-1
20
20
7
20
20
20
20
11
11
-1
20
20
20
20
14
20
20
7
20
20
11
11
11
11
-1
20
20
20
20
14
20
20
7
20
20
11
11
11
11
-1
20
20
20
20
-1
20
20
7
20
20
11
11
11
11
-1
20
20
20
20
-1
20
20
7
20
20
11
12
12
11
-1
20
20
20
20
-1
20
20
7
20
20
11
11
11
11
-1
20
20
20
20
-1
20
20
7
20
20
11
11
11
11
-1
20
20
20
20
-1
20
20
7
20
20
11
11
11
11
-1
20
20
20
20
-1
20
20
7
20
20
11
11
11
11
-1
0
20
20
20
-1
20
20
7
20
20
11
11
11
11
-1
0
20
20
20
-1
20
20
0
20
20
11
11
13
11
-1
-1
20
20
20
-1
20
20
7
20
20
11
11
11
11
-1